t1_001_equip;0,0,0,0
t1_002_equip;0,0,0,0
t1_003_equip;0,0,0,0
t1_004_equip;0,0,0,0
t1_005_equip;0,0,0,0
t1_006_equip;0,0,0,0
t1_007_equip;0,0,0,0
t1_008_equip;0,0,0,0
t1_009_equip;0,0,0,0
t1_010_equip;0,0,0,0
t1_011_equip;0,0,0,0
t2_101_equip;0,0,0,0
t2_102_equip;0,0,0,0
t2_103_equip;0,0,0,0
t2_104_equip;0,0,0,0
t2_105_equip;0,0,0,0
t2_106_equip;0,0,0,0
t2_107_equip;0,0,0,0
t2_108_equip;0,0,0,0
t2_109_equip;0,0,0,0
t2_110_equip;0,0,0,0
t2_111_equip;0,0,0,0
t3_201_equip;0,0,0,0
t3_202_equip;0,0,0,0
t3_203_equip;0,0,0,0
t3_204_equip;0,0,0,0
t3_205_equip;0,0,0,0
t3_206_equip;0,0,0,0
t3_207_equip;0,0,0,0
t3_208_equip;0,0,0,0
t3_209_equip;0,0,0,0
t3_210_equip;0,0,0,0
t3_211_equip;0,0,0,0
t4_301_equip;0,0,0,0
t4_302_equip;0,0,0,0
t4_303_equip;0,0,0,0
t4_304_equip;0,0,0,0
t4_305_equip;0,0,0,0
t4_306_equip;0,0,0,0
t4_307_equip;0,0,0,0
t4_308_equip;0,0,0,0
t4_309_equip;0,0,0,0
t4_310_equip;0,0,0,0
t4_311_equip;0,0,0,0
